Transcription: 欽定越史通鑑綱目正編卷之五, Points: [[691, 206], [722, 206], [722, 469], [691, 469]]
Transcription: 起庚午李英宗大定十一年, Points: [[664, 229], [685, 229], [685, 449], [664, 449]]
Transcription: 七十六年, Points: [[644, 462], [680, 462], [682, 569], [646, 570]]
Transcription: 盡乙酉李昭皇天彰有道二年, Points: [[640, 229], [661, 229], [661, 466], [640, 466]]
Transcription: 團紹興, Points: [[618, 281], [643, 282], [641, 350], [616, 349]]
Transcription: 春二月旱, Points: [[602, 343], [637, 344], [635, 437], [600, 436]]
Transcription: 二十年, Points: [[596, 285], [621, 285], [621, 350], [596, 350]]
Transcription: 慎騰入寇至父安霧濕出會者雨多瘴死遂, Points: [[474, 223], [505, 223], [503, 565], [472, 564]]
Transcription: 趙遣楚侯詳, Points: [[377, 199], [417, 198], [428, 463], [388, 464]]
Transcription: 嗔󰊄註見前編唐宣宗大中十二年, Points: [[342, 242], [373, 242], [373, 564], [342, 564]]
Transcription: 夜安註見黎聖宗光順十年𩅗濕山唐書, Points: [[296, 241], [330, 241], [332, 565], [298, 565]]
Transcription: 地理志驩州西行三日至霧濕乂安志, Points: [[253, 241], [284, 241], [284, 563], [253, 563]]
Transcription: 霧濕一名霧温山張國用退食記聞霧, Points: [[210, 243], [241, 243], [241, 562], [210, 562]]
Transcription: 温山當在冬安香山界分禹門出之别條, Points: [[165, 240], [200, 240], [198, 565], [163, 564]]
Transcription: 杜英武有罪下吏治左興聖火頭阮楊刺之不, Points: [[79, 205], [110, 205], [106, 562], [75, 561]]
